CÓDIGOS EAN 3 LEVEL SIZE





7702781037499
7702781037505
7702781037512
7702781037529
7702781038571
7702781038588
7702781038595
7702781038601
7702781037291
7702781037307
7702781037314
7702781037321
7702781043421
7702781043438
7702781043445
7702781043452
7702781038526
7702781038533
7702781038540
7702781038557
7702781039226
7702781039233
7702781039240
7702781039257
7702781038977
7702781038984
7702781038991
7702781039004
7702781038823
7702781038830
7702781038847
7702781038854
7702781038779
7702781038786
7702781038793
7702781038809
7702781039523
7702781039530
7702781039547
7702781039554
7702781039325
7702781039332
7702781039349
7702781039356
7702781027261
7702781027278
7702781027285
7702781028060
7702781028077
7702781028084
7702781030971
7702781030988
7702781030995
7702781027407
7702781027414
7702781027421
7702781027452
7702781027469
7702781027476
7702781027506
7702781027513
7702781027520
7702781030650
7702781030667
7702781030674
7702781030605
7702781030612
7702781030629
7702781031374
7702781031381
7702781031398
7702781032562
7702781032579
7702781032586
7702781027315
7702781027322
7702781027339
7702781028114
7702781028121
7702781028138
7702781029890
7702781029906
7702781029913
7702781037796
7702781037802
7702781037819
7702781027162
7702781027179
7702781027186
7702781027216
7702781027223
7702781027230
7702781030551
7702781030568
7702781030575
7702781030926
7702781030933
7702781030940
7702781035440
7702781035457
7702781035464
7702781033217
7702781033224
7702781033231
7702781028169
7702781028176
7702781028183
7702781032081
7702781032098
7702781032104
7702781032081
7702781032098
7702781032104
7702781032517
7702781032524
7702781032531
7702781032289
7702781032296
7702781032302
7702781033163
7702781033170
7702781033187
7702781031329
7702781031336
7702781031343
7702781031350
7702781033972
7702781033989
7702781033996
7702781034009
7702781033774
7702781033781
7702781033798
7702781033804
7702781036348
7702781036355
7702781036362
7702781036379
7702781040673
7702781040680
7702781040697
7702781040703
7702781037543
7702781037550
7702781037567
7702781037574
7702781039479
7702781039486
7702781039493
7702781039509
7702781039424
7702781039431
7702781039448
7702781039455
7702781035495
7702781035501
7702781035518
7702781038144
7702781038151
7702781038168
7702781038175
7702781033392
7702781033408
7702781033415
7702781033422
7702781037390
7702781037406
7702781037413
7702781037420
7702781040321
7702781040338
7702781040345
7702781032968
7702781032975
7702781032982
7702781032999
7702781035792
7702781035808
7702781035815
7702781035822
7702781033118
7702781033125
7702781033132
7702781033149
7702781036492
7702781036508
7702781036515
7702781036522
7702781037444
7702781037451
7702781037468
7702781037475
7702781038922
7702781038939
7702781038946
7702781038953
7702781036393
7702781036409
7702781036416
7702781036423
7702781044640
7702781044657
7702781044664
7702781044671
7702781036447
7702781036454
7702781036461
7702781036478
7702781038298
7702781038304
7702781038311
7702781038328
7702781035846
7702781035853
7702781035860
7702781035297
7702781035303
7702781035310
7702781039271
7702781039288
7702781039295
7702781039301
7702781039929
7702781039936
7702781039943
7702781039950
7702781031275
7702781031282
7702781031299
7702781031305
7702781031787
7702781031794
7702781031800
7702781031817
7702781031930
7702781031947
7702781031954
7702781031961
7702781036690
7702781036706
7702781036713
7702781036720
7702781040024
7702781040031
7702781040048
7702781040055
7702781040420
7702781040437
7702781040444
7702781040451
7702781037642
7702781037659
7702781037666
7702781037673
7702781032135
7702781032142
7702781032159
7702781032166
7702781036249
7702781036256
7702781036263
7702781036270
7702781036294
7702781036300
7702781036317
7702781036324
7702781039127
7702781039134
7702781039141
7702781039158
7702781036744
7702781036751
7702781036768
7702781036775
7702781036591
7702781036607
7702781036614
7702781036621
7702781038670
7702781038687
7702781038694
7702781038700
7702781031220
7702781031237
7702781031244
7702781031251
7702781031633
7702781031640
7702781031657
7702781031664
7702781031688
7702781031695
7702781031701
7702781031718
7702781032913
7702781032920
7702781032937
7702781032944
