CÓDIGOS EAN 3 LEVEL SUMMER


7702781037499
7702781037505
7702781037512
7702781037529
7702781038571
7702781038588
7702781038595
7702781038601
7702781037291
7702781037307
7702781037314
7702781037321
7702781043421
7702781043438
7702781043445
7702781043452
7702781038526
7702781038533
7702781038540
7702781038557
7702781039226
7702781039233
7702781039240
7702781039257
7702781038977
7702781038984
7702781038991
7702781039004
7702781038823
7702781038830
7702781038847
7702781038854
7702781038779
7702781038786
7702781038793
7702781038809
7702781039523
7702781039530
7702781039547
7702781039554
7702781039325
7702781039332
7702781039349
7702781039356
7702781027261
7702781027278
7702781027285
7702781028060
7702781028077
7702781028084
7702781030971
7702781030988
7702781030995
7702781027407
7702781027414
7702781027421
7702781027452
7702781027469
7702781027476
7702781027506
7702781027513
7702781027520
7702781030650
7702781030667
7702781030674
7702781030605
7702781030612
7702781030629
7702781031374
7702781031381
7702781031398
7702781032562
7702781032579
7702781032586
7702781027315
7702781027322
7702781027339
7702781028114
7702781028121
7702781028138
7702781037796
7702781037802
7702781037819
7702781027162
7702781027179
7702781027186
7702781027216
7702781027223
7702781027230
7702781030551
7702781030568
7702781030575
7702781030926
7702781030933
7702781030940
7702781035440
7702781035457
7702781035464
7702781033217
7702781033224
7702781033231
7702781028169
7702781028176
7702781028183
7702781032081
7702781032098
7702781032104
7702781032661
7702781032678
7702781032685
7702781032517
7702781032524
7702781032531
7702781032289
7702781032296
7702781032302
7702781033163
7702781033170
7702781033187
7702781037444
7702781037451
7702781037468
7702781038922
7702781038939
7702781038946
7702781038953
7702781036393
7702781036409
7702781036416
7702781036423
7702781035341
7702781035358
7702781035365
7702781035372
7702781037345
7702781037352
7702781037369
7702781037376
7702781040727
7702781040734
7702781040741
7702781040758
7702781037598
7702781037604
7702781037611
7702781037628
7702781040123
7702781040130
7702781040147
7702781040154
7702781044596
7702781044602
7702781044619
7702781044626
7702781044640
7702781044657
7702781044664
7702781044671
7702781036447
7702781036454
7702781036461
7702781036478
7702781038298
7702781038304
7702781038311
7702781035846
7702781035853
7702781035860
7702781035877
7702781035297
7702781035303
7702781035310
7702781035327
7702781039271
7702781039288
7702781039295
7702781039301
7702781039929
7702781039936
7702781039943
7702781031275
7702781031282
7702781031299
7702781031305
7702781031787
7702781031794
7702781031800
7702781031817
7702781031930
7702781031947
7702781031954
7702781031961
7702781040024
7702781040031
7702781040048
7702781040055
7702781040420
7702781040437
7702781040444
7702781040451
7702781037642
7702781037659
7702781037666
7702781037673
7702781036744
7702781036751
7702781036768
7702781036775
7702781036591
7702781036607
7702781036614
7702781038670
7702781038687
7702781038694
7702781038700
7702781031220
7702781031237
7702781031244
7702781031251
7702781031633
7702781031640
7702781031657
7702781031664
7702781031633
7702781031640
7702781031657
7702781031664
7702781032913
7702781032920
7702781032937
7702781032944
7702781031329
7702781031336
7702781031343
7702781031350
7702781033972
7702781033989
7702781033996
7702781034009
7702781033774
7702781033781
7702781033798
7702781033804
7702781036348
7702781036355
7702781036362
7702781040673
7702781040680
7702781040697
7702781033064
7702781033071
7702781033088
7702781033095
7702781034023
7702781034030
7702781034047
7702781034054
7702781037543
7702781037550
7702781037567
7702781037574
7702781039479
7702781039486
7702781039493
7702781039509
7702781039424
7702781039431
7702781039448
7702781039455
7702781035495
7702781035501
7702781035518
7702781035525
7702781038144
7702781038151
7702781038168
7702781038175
7702781033392
7702781033408
7702781033415
7702781033422
7702781037390
7702781037406
7702781037413
7702781037420
7702781040321
7702781040338
7702781040345
7702781040352
7702781032968
7702781032975
7702781032982
7702781032999
7702781035792
7702781035808
7702781035815
7702781035822
7702781033118
7702781033125
7702781033132
7702781033149
7702781036492
7702781036508
7702781036515
7702781036522
7702781036690
7702781036706
7702781036713
7702781036720
7702781032135
7702781032142
7702781032159
7702781032166
7702781036249
7702781036256
7702781036263
7702781036270
7702781036294
7702781036300
7702781036317
7702781036324
7702781039127
7702781039134
7702781039141
7702781039158
7702781029890
7702781029906
7702781029913
7702781029920
7702781037680
7702781037697
7702781037703
7702781037710
7702781037727
7702781037734
7702781037741
7702781037758
7702781037765
7702781037772
7702781038083
7702781038090
7702781038106
7702781038113
7702781038120
7702781038182
7702781038199
7702781038205
7702781038212
7702781038229
7702781040925
7702781040932
7702781040949
7702781040956
7702781040963
7702781040970
7702781040987
7702781040994
7702781041007
7702781041014
7702781041021
7702781041038
7702781041045
7702781041052
7702781041069
7702781041076
7702781042509
7702781042516
7702781042523
7702781042530
7702781042547
7702781042554
7702781042561
7702781042578
7702781040765
7702781040772
7702781040789
7702781040796
7702781040802
7702781040819
7702781040826
7702781040833
7702781040840
7702781040857
7702781040864
7702781040871
7702781040888
7702781040895
7702781040901
7702781040918
7702781043322
7702781043339
7702781043346
7702781043353
7702781043360
7702781043377
7702781043384
7702781043391
7702781033583
7702781033590
7702781033606
7702781033613
7702781033620
7702781033637
7702781033644
7702781033651
7702781034443
7702781034450
7702781034467
7702781034474
7702781034481
7702781034498
7702781034504
7702781034511
7702781041526
7702781041533
7702781041540
7702781041557
7702781041564
7702781041571
7702781041588
7702781041595
7702781041700
7702781041717
7702781041724
7702781041731
7702781041748
7702781041755
7702781041762
7702781041779
7702781041083
7702781041090
7702781041106
7702781041113
7702781041120
7702781041137
7702781041144
7702781041151
7702781041243
7702781041250
7702781041267
7702781041274
7702781041281
7702781041298
7702781041304
7702781041311
7702781041168
7702781041175
7702781041182
7702781041199
7702781041205
7702781041212
7702781041229
7702781041236
7702781034115
7702781034122
7702781034139
7702781034146
7702781034153
7702781034160
7702781034177
7702781034184
7702781038335
7702781038342
7702781038359
7702781038366
7702781038373
7702781038380
7702781038397
7702781038403
7702781042189
7702781042196
7702781042202
7702781042219
7702781042226
7702781042233
7702781042240
7702781042257
7702781042424
7702781042431
7702781042448
7702781042455
7702781042462
7702781042479
7702781042486
7702781042493
7702781042349
7702781042356
7702781042363
7702781042370
7702781042387
7702781042394
7702781042400
7702781042417
7702781043063
7702781043070
7702781043087
7702781043094
7702781043100
7702781043117
7702781043124
7702781043131
7702781042585
7702781042592
7702781042608
7702781042615
7702781042622
7702781042639
7702781042646
7702781042653
7702781034771
7702781034788
7702781034795
7702781034801
7702781034818
7702781034825
7702781034832
7702781034849
7702781032326
7702781032333
7702781032340
7702781032357
7702781032364
7702781032371
7702781032388
7702781032395
7702781042905
7702781042912
7702781042929
7702781042936
7702781042943
7702781042950
7702781042967
7702781042974
7702781042820
7702781042837
7702781042844
7702781042851
7702781042868
7702781042875
7702781042882
7702781042899
7702781042745
7702781042752
7702781042769
7702781042776
7702781042783
7702781042790
7702781042806
7702781042813
7702781042660
7702781042677
7702781042684
7702781042691
7702781042707
7702781042714
7702781042721
7702781042738
7702781042981
7702781042998
7702781043001
7702781043018
7702781043025
7702781043032
7702781043049
7702781043056
7702781043247
7702781043254
7702781043261
7702781043278
7702781043285
7702781043292
7702781043308
7702781043315
7702781033255
7702781033262
7702781033279
7702781033286
7702781033293
7702781033309
7702781033316
7702781033323
7702781035051
7702781035068
7702781035075
7702781035082
7702781035099
7702781035105
7702781035112
7702781035129
7702781043575
7702781043582
7702781043599
7702781039363
7702781039370
7702781039387
7702781039394
7702781041991
7702781042004
7702781042011
7702781039714
7702781039721
7702781039738
7702781039745
7702781036096
7702781036102
7702781036119
7702781041793
7702781041809
7702781041816
7702781041946
7702781041953
7702781041960
7702781039660
7702781039677
7702781039684
7702781039691
7702781033873
7702781033880
7702781033897
7702781041373
7702781041380
7702781041397
7702781041403
7702781036140
7702781036157
7702781036164
7702781041656
7702781041663
7702781041670
7702781041687
7702781039820
7702781039837
7702781039844
7702781043476
7702781043483
7702781043490
7702781037031
7702781037048
7702781037055
7702781037062
7702781042097
7702781042103
7702781042110
7702781039066
7702781039073
7702781039080
7702781039097
7702781042042
7702781042059
7702781042066
7702781037192
7702781037208
7702781037215
7702781032029
7702781032036
7702781032043
7702781032050
7702781041427
7702781041434
7702781041441
7702781041458
7702781038038
7702781038045
7702781038052
7702781038069
7702781038861
7702781038878
7702781038885
7702781038892
7702781017361
7702781017378
7702781017385
7702781036041
7702781036058
7702781036065
7702781037895
7702781037901
7702781037918
7702781043681
7702781043698
7702781043704
7702781030117
7702781030124
7702781030131
7702781029968
7702781029975
7702781029982
7702781043209
7702781043216
7702781043223
7702781041892
7702781041908
7702781041915
7702781034863
7702781034870
7702781034887
7702781035594
7702781035600
7702781035617
7702781041335
7702781041342
7702781041359
7702781033927
7702781033934
7702781033941
7702781037147
7702781037154
7702781037161
7702781037086
7702781037093
7702781037109
7702781037116
7702781039561
7702781039578
7702781039585
7702781039592
7702781035686
7702781035693
7702781035709
7702781035716
7702781043148
7702781043155
7702781043162
7702781043179
7702781040567
7702781040574
7702781040581
7702781040598
7702781035235
7702781035242
7702781035259
7702781035266
7702781036980
7702781036997
7702781037000
7702781037017
7702781039165
7702781039172
7702781039189
7702781039196
7702781042141
7702781042158
7702781042165
7702781039769
7702781039776
7702781039783
7702781039790
7702781035891
7702781035907
7702781035914
7702781043520
7702781043537
7702781043544
7702781043834
7702781043841
7702781043858
7702781030216
7702781030223
7702781030230
7702781030810
7702781030827
7702781030834
7702781030018
7702781030025
7702781030032
7702781038472
7702781038489
7702781038496
7702781036843
7702781036850
7702781036867
7702781036645
7702781036652
7702781036669
7702781041847
7702781041854
7702781041861
7702781040529
7702781040536
7702781040543
7702781034900
7702781034917
7702781034924
7702781034931
7702781043735
7702781043742
7702781043759
7702781039875
7702781039882
7702781039899
7702781035143
7702781035150
7702781035167
7702781035648
7702781035655
7702781035662
7702781041601
7702781041618
7702781041625
7702781041632
7702781034955
7702781034962
7702781034979
7702781034986
7702781039615
7702781039622
7702781039639
7702781039646
7702781035730
7702781035747
7702781035754
7702781035761
7702781041472
7702781041489
7702781041496
7702781041502
7702781039011
7702781039028
7702781039035
7702781039042
7702781039011
7702781039028
7702781039035
7702781039042
7702781037840
7702781037857
7702781037864
7702781035945
7702781035952
7702781035969
7702781043889
7702781043896
7702781043902
7702781043780
7702781043797
7702781043803
7702781030162
7702781030179
7702781030186
7702781030766
7702781030773
7702781030780
7702781037246
7702781037253
7702781037260
7702781043636
7702781043643
7702781043650
7702781030063
7702781030070
7702781030087
7702781036799
7702781036805
7702781036812
7702781036546
7702781036553
7702781036560
7702781032814
7702781032821
7702781032838
7702781040475
7702781040482
7702781040499
7702781035181
7702781035198
7702781035204
7702781035211
