CÓDIGOS DE BARRAS



7702781038182
7702781038182
7702781038182
7702781038182
7702781038182
7702781039516
7702781039516
7702781039516
7702781039516
7702781039516
7702781038762
7702781038762
7702781038762
7702781038762
7702781038762
7702781038816
7702781038816
7702781038816
7702781038816
7702781038816
7702781038960
7702781039219
7702781039219
7702781039219
7702781039219
7702781039219
7702781038519
7702781038519
7702781038519
7702781038519
7702781038519
7702781043414
7702781043414
7702781043414
7702781043414
7702781043414
7702781037284
7702781037284
7702781037284
7702781037284
7702781037284
7702781039219
7702781039219
7702781039219
7702781039219
7702781039219
7702781038960
7702781038960
7702781038960
7702781038960
7702781038960
7702781038816
7702781038816
7702781038816
7702781038816
7702781038816
7702781038762
7702781038762
7702781038762
7702781038762
7702781038762
7702781039516
7702781039516
7702781039516
7702781039516
7702781039516
7702781039318
7702781039318
7702781039318
7702781039318
7702781039318
7702781027254
7702781027254
7702781027254
7702781027254
7702781027254
7702781028053
7702781028053
7702781028053
7702781028053
7702781028053
7702781030964
7702781030964
7702781030964
7702781030964
7702781030964
7702781027391
7702781027391
7702781027391
7702781027391
7702781027391
7702781027445
7702781027445
7702781027445
7702781027445
7702781027445
7702781027490
7702781027490
7702781027490
7702781027490
7702781027490
7702781030643
7702781030643
7702781030643
7702781030643
7702781030643
7702781030599
7702781030599
7702781030599
7702781030599
7702781030599
7702781031367
7702781031367
7702781031367
7702781031367
7702781031367
7702781032555
7702781032555
7702781032555
7702781032555
7702781032555
7702781027308
7702781027308
7702781027308
7702781027308
7702781027308
7702781028107
7702781028107
7702781028107
7702781028107
7702781028107
7702781029883
7702781029883
7702781029883
7702781029883
7702781029883
7702781037789
7702781037789
7702781037789
7702781037789
7702781037789
7702781027155
7702781027155
7702781027155
7702781027155
7702781027155
7702781027209
7702781027209
7702781027209
7702781027209
7702781027209
7702781027384
7702781030544
7702781030544
7702781030544
7702781030544
7702781030544
7702781030919
7702781030919
7702781030919
7702781030919
7702781030919
7702781035433
7702781035433
7702781035433
7702781035433
7702781035433
7702781033200
7702781033200
7702781033200
7702781033200
7702781033200
7702781027353
7702781028152
7702781028152
7702781028152
7702781028152
7702781028152
7702781032074
7702781032074
7702781032074
7702781032074
7702781032074
7702781032654
7702781032654
7702781032654
7702781032654
7702781032654
7702781027360
7702781032500
7702781032500
7702781032500
7702781032500
7702781032500
7702781032272
7702781032272
7702781032272
7702781032272
7702781032272
7702781033156
7702781033156
7702781033156
7702781033156
7702781033156
7702781027377
7702781034115
7702781034115
7702781034115
7702781034115
7702781034115
7702781033583
7702781033583
7702781033583
7702781033583
7702781033583
7702781034771
7702781034771
7702781034771
7702781034771
7702781034771
7702781033255
7702781033255
7702781033255
7702781033255
7702781033255
7702781034443
7702781034443
7702781034443
7702781034443
7702781034443
7702781034443
7702781034443
7702781034443
7702781032326
7702781032326
7702781032326
7702781032326
7702781032326
7702781032326
7702781032326
7702781032326
7702781038335
7702781038335
7702781038335
7702781038335
7702781038335
7702781038335
7702781038335
7702781038335
7702781035051
7702781035051
7702781035051
7702781035051
7702781035051
7702781035051
7702781035051
7702781035051
7702781042349
7702781042349
7702781042349
7702781042349
7702781042349
7702781042349
7702781042349
7702781042349
7702781042424
7702781042424
7702781042424
7702781042424
7702781042424
7702781042424
7702781042424
7702781042424
7702781042820
7702781042820
7702781042820
7702781042820
7702781042820
7702781042820
7702781042820
7702781042820
7702781042509
7702781042509
7702781042509
7702781042509
7702781042509
7702781042509
7702781042509
7702781042509
7702781042189
7702781042189
7702781042189
7702781042189
7702781042189
7702781042189
7702781042189
7702781042189
7702781040925
7702781040925
7702781040925
7702781040925
7702781040925
7702781040925
7702781040925
7702781040925
7702781043063
7702781043063
7702781043063
7702781043063
7702781043063
7702781043063
7702781043063
7702781043063
7702781042981
7702781042981
7702781042981
7702781042981
7702781042981
7702781042981
7702781042981
7702781042981
7702781041083
7702781041083
7702781041083
7702781041083
7702781041083
7702781041083
7702781041083
7702781041083
7702781041007
7702781041007
7702781041007
7702781041007
7702781041007
7702781041007
7702781041007
7702781041007
7702781041168
7702781041168
7702781041168
7702781041168
7702781041168
7702781041168
7702781041168
7702781041168
7702781040765
7702781040765
7702781040765
7702781040765
7702781040765
7702781040765
7702781040765
7702781040765
7702781043322
7702781043322
7702781043322
7702781043322
7702781043322
7702781043322
7702781043322
7702781043322
7702781041700
7702781041700
7702781041700
7702781041700
7702781041700
7702781041700
7702781041700
7702781041700
7702781041243
7702781041243
7702781041243
7702781041243
7702781041243
7702781041243
7702781041243
7702781041243
7702781042585
7702781042585
7702781042585
7702781042585
7702781042585
7702781042585
7702781042585
7702781042585
7702781042660
7702781042660
7702781042660
7702781042660
7702781042660
7702781042660
7702781042660
7702781042660
7702781042905
7702781042905
7702781042905
7702781042905
7702781042905
7702781042905
7702781042905
7702781042905
7702781041526
7702781041526
7702781041526
7702781041526
7702781041526
7702781041526
7702781041526
7702781041526
7702781042745
7702781042745
7702781042745
7702781042745
7702781042745
7702781042745
7702781042745
7702781042745
7702781040840
7702781040840
7702781040840
7702781040840
7702781040840
7702781040840
7702781040840
7702781040840
7702781043247
7702781043247
7702781043247
7702781043247
7702781043247
7702781043247
7702781043247
7702781043247
7702781031565
7702781029869
7702781030278
7702781030902
7702781029036
7702781029944
7702781029937
7702781029876
7702781030285
7702781029555
7702781029548
7702781028756
7702781043407
7702781029852
7702781030254
7702781030261
7702781031312
7702781031312
7702781031312
7702781031312
7702781031312
7702781054366
7702781054366
7702781054366
7702781054366
7702781054366
7702781034726
7702781034726
7702781034726
7702781034726
7702781034726
7702781033965
7702781033965
7702781033965
7702781033965
7702781033965
7702781033767
7702781033767
7702781033767
7702781033767
7702781033767
7702781033484
7702781033484
7702781033484
7702781033484
7702781033484
7702781015206
7702781015206
7702781015206
7702781015206
7702781015206
7702781047511
7702781047511
7702781047511
7702781047511
7702781047511
7702781033439
7702781033439
7702781033439
7702781033439
7702781033439
7702781036331
7702781036331
7702781036331
7702781036331
7702781036331
7702781034399
7702781034399
7702781034399
7702781034399
7702781034399
7702781054519
7702781054519
7702781054519
7702781054519
7702781054519
7702781046958
7702781046958
7702781046958
7702781046958
7702781046958
7702781032456
7702781032456
7702781032456
7702781032456
7702781032456
7702781040666
7702781040666
7702781040666
7702781040666
7702781040666
7702781033538
7702781033538
7702781033538
7702781033538
7702781033538
7702781048044
7702781048044
7702781048044
7702781048044
7702781048044
7702781034627
7702781034627
7702781034627
7702781034627
7702781034627
7702781054113
7702781054113
7702781054113
7702781054113
7702781054113
7702781040062
7702781040062
7702781040062
7702781040062
7702781040062
7702781040260
7702781040260
7702781040260
7702781040260
7702781040260
7702781031466
7702781031466
7702781031466
7702781031466
7702781031466
7702781054069
7702781054069
7702781054069
7702781054069
7702781054069
7702781040369
7702781040369
7702781040369
7702781040369
7702781040369
7702781046255
7702781046255
7702781046255
7702781046255
7702781046255
7702781035389
7702781035389
7702781035389
7702781035389
7702781035389
7702781047252
7702781047252
7702781047252
7702781047252
7702781047252
7702781034344
7702781034344
7702781034344
7702781034344
7702781034344
7702781053963
7702781053963
7702781053963
7702781053963
7702781053963
7702781033668
7702781033668
7702781033668
7702781033668
7702781033668
7702781047306
7702781047306
7702781047306
7702781047306
7702781047306
7702781053864
7702781053864
7702781053864
7702781053864
7702781053864
7702781038618
7702781038618
7702781038618
7702781038618
7702781038618
7702781031510
7702781031510
7702781031510
7702781031510
7702781031510
7702781054465
7702781054465
7702781054465
7702781054465
7702781054465
7702781054014
7702781054014
7702781054014
7702781054014
7702781054014
7702781054410
7702781054410
7702781054410
7702781054410
7702781054410
7702781046903
7702781046903
7702781046903
7702781046903
7702781046903
7702781039967
7702781039967
7702781039967
7702781039967
7702781039967
7702781032852
7702781032852
7702781032852
7702781032852
7702781032852
7702781032708
7702781032708
7702781032708
7702781032708
7702781032708
7702781034245
7702781034245
7702781034245
7702781034245
7702781034245
7702781054212
7702781054212
7702781054212
7702781054212
7702781054212
7702781037536
7702781037536
7702781037536
7702781037536
7702781037536
7702781047009
7702781047009
7702781047009
7702781047009
7702781047009
7702781032609
7702781032609
7702781032609
7702781032609
7702781032609
7702781044800
7702781044800
7702781044800
7702781044800
7702781044800
7702781053918
7702781053918
7702781053918
7702781053918
7702781053918
7702781054625
7702781054625
7702781054625
7702781054625
7702781054625
7702781032753
7702781032753
7702781032753
7702781032753
7702781032753
7702781039462
7702781039462
7702781039462
7702781039462
7702781039462
7702781039417
7702781039417
7702781039417
7702781039417
7702781039417
7702781035488
7702781035488
7702781035488
7702781035488
7702781035488
7702781038137
7702781038137
7702781038137
7702781038137
7702781038137
7702781033385
7702781033385
7702781033385
7702781033385
7702781033385
7702781037383
7702781037383
7702781037383
7702781037383
7702781037383
7702781040314
7702781040314
7702781040314
7702781040314
7702781040314
7702781054564
7702781054564
7702781054564
7702781054564
7702781054564
7702781038236
7702781038236
7702781038236
7702781038236
7702781038236
7702781032951
7702781032951
7702781032951
7702781032951
7702781032951
7702781046859
7702781046859
7702781046859
7702781046859
7702781046859
7702781053819
7702781053819
7702781053819
7702781053819
7702781053819
7702781033330
7702781033330
7702781033330
7702781033330
7702781033330
7702781034191
7702781034191
7702781034191
7702781034191
7702781034191
7702781035785
7702781035785
7702781035785
7702781035785
7702781035785
7702781033101
7702781033101
7702781033101
7702781033101
7702781033101
7702781036485
7702781036485
7702781036485
7702781036485
7702781036485
7702781046804
7702781046804
7702781046804
7702781046804
7702781046804
7702781032401
7702781032401
7702781032401
7702781032401
7702781032401
7702781037437
7702781037437
7702781037437
7702781037437
7702781037437
7702781038915
7702781038915
7702781038915
7702781038915
7702781038915
7702781036386
7702781036386
7702781036386
7702781036386
7702781036386
7702781036089
7702781036089
7702781036089
7702781036089
7702781036089
7702781035136
7702781035136
7702781035136
7702781035136
7702781035136
7702781034856
7702781034856
7702781034856
7702781034856
7702781034856
7702781033910
7702781033910
7702781033910
7702781033910
7702781033910
7702781041373
7702781041373
7702781041373
7702781041373
7702781041373
7702781039813
7702781039813
7702781039813
7702781039813
7702781039813
7702781039868
7702781039868
7702781039868
7702781039868
7702781039868
7702781033866
7702781033866
7702781033866
7702781033866
7702781033866
7702781034955
7702781034955
7702781034955
7702781034955
7702781034955
7702781041656
7702781041656
7702781041656
7702781041656
7702781041656
7702781035235
7702781035235
7702781035235
7702781035235
7702781035235
7702781038861
7702781038861
7702781038861
7702781038861
7702781038861
7702781037239
7702781037239
7702781037239
7702781037239
7702781037239
7702781043148
7702781043148
7702781043148
7702781043148
7702781043148
7702781037833
7702781037833
7702781037833
7702781037833
7702781037833
7702781037888
7702781037888
7702781037888
7702781037888
7702781037888
7702781038038
7702781038038
7702781038038
7702781038038
7702781038038
7702781040567
7702781040567
7702781040567
7702781040567
7702781040567
7702781039011
7702781039011
7702781039011
7702781039011
7702781039011
7702781039066
7702781039066
7702781039066
7702781039066
7702781039066
7702781039165
7702781039165
7702781039165
7702781039165
7702781039165
7702781039011
7702781039011
7702781039011
7702781039011
7702781039011
7702781041472
7702781041472
7702781041472
7702781041472
7702781041472
7702781041427
7702781041427
7702781041427
7702781041427
7702781041427
7702781037185
7702781037185
7702781037185
7702781037185
7702781037185
7702781037130
7702781037130
7702781037130
7702781037130
7702781037130
7702781041984
7702781041984
7702781041984
7702781041984
7702781041984
7702781036980
7702781036980
7702781036980
7702781036980
7702781036980
7702781035334
7702781035334
7702781035334
7702781035334
7702781035334
7702781033057
7702781033057
7702781033057
7702781033057
7702781033057
7702781033811
7702781033811
7702781033811
7702781033811
7702781033811
7702781047351
7702781047351
7702781047351
7702781047351
7702781047351
7702781034016
7702781034016
7702781034016
7702781034016
7702781034016
7702781047054
7702781047054
7702781047054
7702781047054
7702781047054
7702781034290
7702781034290
7702781034290
7702781034290
7702781034290
7702781037338
7702781037338
7702781037338
7702781037338
7702781037338
7702781040710
7702781040710
7702781040710
7702781040710
7702781040710
7702781037581
7702781037581
7702781037581
7702781037581
7702781037581
7702781040116
7702781040116
7702781040116
7702781040116
7702781040116
7702781044589
7702781044589
7702781044589
7702781044589
7702781044589
7702781044756
7702781044756
7702781044756
7702781044756
7702781044756
7702781030100
7702781030100
7702781030100
7702781030100
7702781030100
7702781030155
7702781030155
7702781030155
7702781030155
7702781030155
7702781030209
7702781030209
7702781030209
7702781030209
7702781054168
7702781054168
7702781054168
7702781054168
7702781054168
7702781044633
7702781044633
7702781044633
7702781044633
7702781044633
7702781036430
7702781036430
7702781036430
7702781036430
7702781036430
7702781054311
7702781054311
7702781054311
7702781054311
7702781054311
7702781034061
7702781034061
7702781034061
7702781034061
7702781034061
7702781038281
7702781038281
7702781038281
7702781038281
7702781038281
7702781047566
7702781047566
7702781047566
7702781047566
7702781047566
7702781033712
7702781033712
7702781033712
7702781033712
7702781033712
7702781035839
7702781035839
7702781035839
7702781035839
7702781035839
7702781054267
7702781054267
7702781054267
7702781054267
7702781054267
7702781034672
7702781034672
7702781034672
7702781034672
7702781034672
7702781046453
7702781046453
7702781046453
7702781046453
7702781046453
7702781046507
7702781046507
7702781046507
7702781046507
7702781046507
7702781046552
7702781046552
7702781046552
7702781046552
7702781046552
7702781035532
7702781035532
7702781035532
7702781035532
7702781035532
7702781031114
7702781031114
7702781031114
7702781031114
7702781031114
7702781046354
7702781046354
7702781046354
7702781046354
7702781046354
7702781046309
7702781046309
7702781046309
7702781046309
7702781046309
7702781046408
7702781046408
7702781046408
7702781046408
7702781046408
7702781047108
7702781047108
7702781047108
7702781047108
7702781047108
7702781031060
7702781031060
7702781031060
7702781031060
7702781031060
7702781047153
7702781047153
7702781047153
7702781047153
7702781047153
7702781040215
7702781040215
7702781040215
7702781040215
7702781040215
7702781055271
7702781055271
7702781055271
7702781055271
7702781055271
7702781055226
7702781055226
7702781055226
7702781055226
7702781055226
7702781055172
7702781055172
7702781055172
7702781055172
7702781055172
7702781054724
7702781054724
7702781054724
7702781054724
7702781054724
7702781054779
7702781054779
7702781054779
7702781054779
7702781054779
7702781032227
7702781032227
7702781032227
7702781032227
7702781032227
7702781054823
7702781054823
7702781054823
7702781054823
7702781054823
7702781054922
7702781054922
7702781054922
7702781054922
7702781054922
7702781054878
7702781054878
7702781054878
7702781054878
7702781054878
7702781055127
7702781055127
7702781055127
7702781055127
7702781055127
7702781031725
7702781031725
7702781031725
7702781031725
7702781031725
7702781031824
7702781031824
7702781031824
7702781031824
7702781031824
7702781055073
7702781055073
7702781055073
7702781055073
7702781055073
7702781055028
7702781055028
7702781055028
7702781055028
7702781055028
7702781054977
7702781054977
7702781054977
7702781054977
7702781054977
7702781035280
7702781035280
7702781035280
7702781035280
7702781035280
7702781039264
7702781039264
7702781039264
7702781039264
7702781039264
7702781039912
7702781039912
7702781039912
7702781039912
7702781039912
7702781031169
7702781031169
7702781031169
7702781031169
7702781031169
7702781051396
7702781051396
7702781051396
7702781051396
7702781051396
7702781055523
7702781055523
7702781055523
7702781055523
7702781055523
7702781031572
7702781031572
7702781031572
7702781031572
7702781031572
7702781047467
7702781047467
7702781047467
7702781047467
7702781047467
7702781047412
7702781047412
7702781047412
7702781047412
7702781047412
7702781031015
7702781031015
7702781031015
7702781031015
7702781031015
7702781055479
7702781055479
7702781055479
7702781055479
7702781055479
7702781055325
7702781055325
7702781055325
7702781055325
7702781055325
7702781040161
7702781040161
7702781040161
7702781040161
7702781040161
7702781055424
7702781055424
7702781055424
7702781055424
7702781055424
7702781031879
7702781031879
7702781031879
7702781031879
7702781031879
7702781055370
7702781055370
7702781055370
7702781055370
7702781055370
7702781031268
7702781031268
7702781031268
7702781031268
7702781031268
7702781031770
7702781031770
7702781031770
7702781031770
7702781031770
7702781031923
7702781031923
7702781031923
7702781031923
7702781031923
7702781036683
7702781036683
7702781036683
7702781036683
7702781036683
7702781040017
7702781040017
7702781040017
7702781040017
7702781040017
7702781032173
7702781032173
7702781032173
7702781032173
7702781032173
7702781054670
7702781054670
7702781054670
7702781054670
7702781054670
7702781040413
7702781040413
7702781040413
7702781040413
7702781040413
7702781037635
7702781037635
7702781037635
7702781037635
7702781037635
7702781032128
7702781032128
7702781032128
7702781032128
7702781032128
7702781036232
7702781036232
7702781036232
7702781036232
7702781036232
7702781036287
7702781036287
7702781036287
7702781036287
7702781036287
7702781039110
7702781039110
7702781039110
7702781039110
7702781039110
7702781036737
7702781036737
7702781036737
7702781036737
7702781036737
7702781036584
7702781036584
7702781036584
7702781036584
7702781036584
7702781038663
7702781038663
7702781038663
7702781038663
7702781038663
7702781044701
7702781044701
7702781044701
7702781044701
7702781044701
7702781048198
7702781048198
7702781048198
7702781048198
7702781048198
7702781031213
7702781031213
7702781031213
7702781031213
7702781031213
7702781031626
7702781031626
7702781031626
7702781031626
7702781031626
7702781031671
7702781031671
7702781031671
7702781031671
7702781031671
7702781032906
7702781032906
7702781032906
7702781032906
7702781032906
7702781041601
7702781041601
7702781041601
7702781041601
7702781041601
7702781032029
7702781032029
7702781032029
7702781032029
7702781032029
7702781040512
7702781040512
7702781040512
7702781040512
7702781040512
7702781040468
7702781040468
7702781040468
7702781040468
7702781040468
7702781039363
7702781039363
7702781039363
7702781039363
7702781039363
7702781039561
7702781039561
7702781039561
7702781039561
7702781039561
7702781039615
7702781039615
7702781039615
7702781039615
7702781039615
7702781036782
7702781036782
7702781036782
7702781036782
7702781036782
7702781036836
7702781036836
7702781036836
7702781036836
7702781036836
7702781036539
7702781036539
7702781036539
7702781036539
7702781036539
7702781036638
7702781036638
7702781036638
7702781036638
7702781036638
7702781035730
7702781035730
7702781035730
7702781035730
7702781035730
7702781035686
7702781035686
7702781035686
7702781035686
7702781035686
7702781041885
7702781041885
7702781041885
7702781041885
7702781041885
7702781030001
7702781030001
7702781030001
7702781030001
7702781030001
7702781030056
7702781030056
7702781030056
7702781030056
7702781030056
7702781029951
7702781029951
7702781029951
7702781029951
7702781029951
7702781032807
7702781032807
7702781032807
7702781032807
7702781032807
7702781043728
7702781043728
7702781043728
7702781043728
7702781043728
7702781030100
7702781030100
7702781030100
7702781030100
7702781030100
7702781030155
7702781030155
7702781030155
7702781030155
7702781030155
7702781030209
7702781030209
7702781030209
7702781030209
7702781030209
7702781041939
7702781041939
7702781041939
7702781041939
7702781041939
7702781041328
7702781041328
7702781041328
7702781041328
7702781041328
7702781042035
7702781042035
7702781042035
7702781042035
7702781042035
7702781037031
7702781037031
7702781037031
7702781037031
7702781037031
7702781037086
7702781037086
7702781037086
7702781037086
7702781037086
7702781042134
7702781042134
7702781042134
7702781042134
7702781042134
7702781041830
7702781041830
7702781041830
7702781041830
7702781041830
7702781042080
7702781042080
7702781042080
7702781042080
7702781042080
7702781030759
7702781030759
7702781030759
7702781030759
7702781030759
7702781030803
7702781030803
7702781030803
7702781030803
7702781030803
7702781035587
7702781035587
7702781035587
7702781035587
7702781035587
7702781035631
7702781035631
7702781035631
7702781035631
7702781035631
7702781036133
7702781036133
7702781036133
7702781036133
7702781036133
7702781043773
7702781043773
7702781043773
7702781043773
7702781043773
7702781043674
7702781043674
7702781043674
7702781043674
7702781043674
7702781043469
7702781043469
7702781043469
7702781043469
7702781043469
7702781043513
7702781043513
7702781043513
7702781043513
7702781043513
7702781043827
7702781043827
7702781043827
7702781043827
7702781043827
7702781043872
7702781043872
7702781043872
7702781043872
7702781043872
7702781043629
7702781043629
7702781043629
7702781043629
7702781043629
7702781035181
7702781035181
7702781035181
7702781035181
7702781035181
7702781034900
7702781034900
7702781034900
7702781034900
7702781034900
7702781039660
7702781039660
7702781039660
7702781039660
7702781039660
7702781039714
7702781039714
7702781039714
7702781039714
7702781039714
7702781039769
7702781039769
7702781039769
7702781039769
7702781039769
7702781041786
7702781041786
7702781041786
7702781041786
7702781041786
7702781035884
7702781035884
7702781035884
7702781035884
7702781035884
7702781035938
7702781035938
7702781035938
7702781035938
7702781035938
7702781036034
7702781036034
7702781036034
7702781036034
7702781036034
7702781043193
7702781043193
7702781043193
7702781043193
7702781043193
7702781038465
7702781038465
7702781038465
7702781038465
7702781038465
7702781043568
7702781043568
7702781043568
7702781043568
7702781043568


























