CÓDIGOS EAN 3 LEVEL SPRING 2018


7702781001544
7702781001551
7702781001568
7702781001599
7702781001605
7702781001612
7702781001643
7702781001650
7702781001667
7702781002206
7702781002213
7702781002220
7702781004569
7702781004576
7702781004583
7702781002251
7702781002268
7702781002275
7702781002152
7702781002169
7702781002176
7702781018818
7702781018825
7702781018832
7702781002602
7702781002619
7702781002626
7702781004613
7702781004620
7702781004637
7702781002558
7702781002565
7702781002572
7702781003357
7702781003340
7702781003333
7702781003456
7702781003449
7702781003432
7702781003302
7702781003319
7702781003326
7702781003265
7702781003258
7702781003241
7702781003494
7702781003500
7702781003517
7702781002701
7702781002718
7702781002725
7702781002732
7702781002909
7702781002916
7702781002923
7702781002930
7702781002855
7702781002862
7702781002879
7702781002886
7702781002657
7702781002664
7702781002671
7702781002688
7702781003005
7702781003012
7702781003029
7702781003036
7702781003159
7702781003166
7702781003173
7702781003180
7702781002954
7702781002961
7702781002978
7702781002985
7702781003401
7702781003395
7702781003388
7702781003418
7702781004729
7702781004736
7702781004743
7702781004750
7702781004828
7702781004835
7702781004842
7702781004859
7702781004873
7702781004880
7702781004897
7702781004903
7702781003548
7702781003555
7702781003562
7702781003579
7702781002404
7702781002411
7702781002428
7702781002435
7702781005962
7702781005979
7702781005986
7702781005993
7702781006013
7702781006020
7702781006037
7702781006044
7702781006167
7702781006174
7702781006181
7702781006198
7702781003807
7702781003791
7702781003784
7702781003814
7702781003944
7702781003951
7702781003968
7702781003975
7702781003593
7702781003609
7702781003616
7702781003623
7702781003999
7702781004002
7702781004019
7702781004026
7702781004156
7702781004149
7702781004132
7702781004163
7702781004200
7702781004194
7702781004187
7702781004217
7702781002503
7702781002510
7702781002527
7702781002534
7702781002008
7702781002015
7702781002022
7702781002039
7702781002305
7702781002312
7702781002329
7702781002336
7702781005917
7702781005924
7702781005931
7702781002800
7702781002817
7702781002824
