CÓDIGOS EAN 4 LEVEL SPRING 2018


7702781001902
7702781001919
7702781001926
7702781020033
7702781020040
7702781020057
7702781001759
7702781001766
7702781001773
7702781021689
7702781021696
7702781021702
7702781002053
7702781002060
7702781002077
7702781021283
7702781021290
7702781021306
7702781002107
7702781002114
7702781002121
7702781021238
7702781021245
7702781021252
7702781003050
7702781003067
7702781003074
7702781020385
7702781020392
7702781020408
7702781002350
7702781002367
7702781002374
7702781020736
7702781020743
7702781020750
7702781002756
7702781002763
7702781002770
7702781020583
7702781020590
7702781020606
7702781003210
7702781003203
7702781003197
7702781020439
7702781020446
7702781020453
7702781005030
7702781004927
7702781004934
7702781004965
7702781004972
7702781004989
7702781021184
7702781021191
7702781021207
7702781005016
7702781005047
7702781005054
7702781020934
7702781020941
7702781020958
7702781020989
7702781020996
7702781021009
7702781021085
7702781021092
7702781021108
7702781003647
7702781003654
7702781003661
7702781024215
7702781024222
7702781024239
7702781003708
7702781003692
7702781003685
7702781020538
7702781020545
7702781020552
7702781006112
7702781006129
7702781006136
7702781021832
7702781021849
7702781021856
7702781006266
7702781006273
7702781006280
7702781020781
7702781020798
7702781020804
7702781004101
7702781004095
7702781004088
7702781006310
7702781006327
7702781006334
7702781020682
7702781020699
7702781020705
7702781016968
7702781016975
7702781016982
7702781021634
7702781021641
7702781021658
7702781017064
7702781017071
7702781017088
7702781021788
7702781021795
7702781021801
7702781019730
7702781019747
7702781019754
7702781001803
7702781001810
7702781001827
7702781019785
7702781019792
7702781019808
7702781019839
7702781019846
7702781019853
7702781019884
7702781019891
7702781019907
7702781001858
7702781001865
7702781001872
7702781019938
7702781019945
7702781019952
7702781019983
7702781019990
7702781020002
7702781020484
7702781020491
7702781020507
7702781002459
7702781002466
7702781002473
7702781020637
7702781020644
7702781020651
7702781001957
7702781001964
7702781001971
7702781020880
7702781020897
7702781020903
7702781004040
7702781004057
7702781004064
7702781021580
7702781021597
7702781021603
7702781017019
7702781017026
7702781017033
7702781021733
7702781021740
7702781021757
7702781016760
7702781016777
7702781016784
7702781026479
7702781026486
7702781026493
