CÓDIGOS EAN 4 LEVEL SIZE


7702781046460
7702781046477
7702781046484
7702781046514
7702781046521
7702781046538
7702781046569
7702781046576
7702781046583
7702781035549
7702781035556
7702781035563
7702781031176
7702781031183
7702781031190
7702781051402
7702781051419
7702781051426
7702781031121
7702781031138
7702781031145
7702781046361
7702781046378
7702781046385
7702781046316
7702781046323
7702781046330
7702781046415
7702781046422
7702781046439
7702781038243
7702781038250
7702781038267
7702781054571
7702781054588
7702781054595
7702781031473
7702781031480
7702781031497
7702781046262
7702781046279
7702781046286
7702781046866
7702781046873
7702781046880
7702781033347
7702781033354
7702781033361
7702781031527
7702781031534
7702781031541
7702781046910
7702781046927
7702781046934
7702781046965
7702781046972
7702781046989
7702781032463
7702781032470
7702781032487
7702781047061
7702781047078
7702781047085
7702781033675
7702781033682
7702781033699
7702781046811
7702781046828
7702781046835
7702781032418
7702781032425
7702781032432
7702781047016
7702781047023
7702781047030
7702781032616
7702781032623
7702781032630
7702781048204
7702781048211
7702781048228
7702781044718
7702781044725
7702781044732
7702781047115
7702781047122
7702781047139
7702781031077
7702781031084
7702781031091
7702781047160
7702781047177
7702781047184
7702781047214
7702781047221
7702781047238
7702781047474
7702781047481
7702781047498
7702781047429
7702781047436
7702781047443
7702781031022
7702781031039
7702781031046
7702781047573
7702781047580
7702781047597
7702781033729
7702781033736
7702781033743
7702781047528
7702781047535
7702781047542
7702781033446
7702781033453
7702781033460
7702781054632
7702781054649
7702781054656
7702781032760
7702781032777
7702781032784
7702781033828
7702781033835
7702781033842
7702781047368
7702781047375
7702781047382
7702781033491
7702781033507
7702781033514
7702781015213
7702781015220
7702781015237
7702781034306
7702781034313
7702781034320
7702781047313
7702781047320
7702781047337
7702781033545
7702781033552
7702781033569
7702781048051
7702781048068
7702781048075
7702781035396
7702781035402
7702781035419
7702781047269
7702781047276
7702781047283
7702781040222
7702781040239
7702781040246
7702781055288
7702781055295
7702781055301
7702781055233
7702781055240
7702781055257
7702781055189
7702781055196
7702781055202
7702781055486
7702781055493
7702781055509
7702781055332
7702781055349
7702781055356
7702781040178
7702781040185
7702781040192
7702781032180
7702781032197
7702781032203
7702781054687
7702781054694
7702781054700
7702781054731
7702781054748
7702781054755
7702781054786
7702781054793
7702781054809
7702781032234
7702781032241
7702781032258
7702781054830
7702781054847
7702781054854
7702781054472
7702781054489
7702781054496
7702781032715
7702781032722
7702781032739
7702781040079
7702781040086
7702781040093
7702781054076
7702781054083
7702781054090
7702781040277
7702781040284
7702781040291
7702781040376
7702781040383
7702781040390
7702781053970
7702781053987
7702781053994
7702781038625
7702781038632
7702781038649
7702781038571
7702781038588
7702781038595
7702781053871
7702781053888
7702781053895
7702781053925
7702781053932
7702781053949
7702781044817
7702781044824
7702781044831
7702781054021
7702781054038
7702781054045
7702781039974
7702781039981
7702781039998
7702781034634
7702781034641
7702781034658
7702781054120
7702781054137
7702781054144
7702781054939
7702781054946
7702781054953
7702781054885
7702781054892
7702781054908
7702781055134
7702781055141
7702781055158
7702781031732
7702781031749
7702781031756
7702781055530
7702781055547
7702781055554
7702781031589
7702781031596
7702781031602
7702781031831
7702781031848
7702781031855
7702781055080
7702781055097
7702781055103
7702781055080
7702781055097
7702781055103
7702781054984
7702781054991
7702781055004
7702781055431
7702781055448
7702781055455
7702781031886
7702781031893
7702781031909
7702781055387
7702781055394
7702781055400
7702781054175
7702781054182
7702781054199
7702781044763
7702781044770
7702781044787
7702781034252
7702781034269
7702781034276
7702781054229
7702781054236
7702781054243
7702781034405
7702781034412
7702781034429
7702781054526
7702781054533
7702781054540
7702781054274
7702781054281
7702781054298
7702781034689
7702781034696
7702781034702
7702781054328
7702781054335
7702781054342
7702781034078
7702781034085
7702781034092
7702781054373
7702781054380
7702781054397
7702781034733
7702781034740
7702781034757
7702781054427
7702781054434
7702781054441
7702781032869
7702781032876
7702781032883
7702781053826
7702781053833
7702781053840
7702781034207
7702781034214
7702781034221
