CÓDIGOS EAN 4 LEVEL HIGH SUMMER


7702781056728
7702781056735
7702781056742
7702781060497
7702781060503
7702781060510
7702781056773
7702781056780
7702781056797
7702781059323
7702781059330
7702781059347
7702781057572
7702781057589
7702781057596
7702781059378
7702781059385
7702781059392
7702781056674
7702781056681
7702781056698
7702781059279
7702781059286
7702781059293
7702781056827
7702781056834
7702781056841
7702781058975
7702781058982
7702781058999
7702781059224
7702781059231
7702781059248
7702781057121
7702781057138
7702781057145
7702781059422
7702781059439
7702781059446
7702781057473
7702781057480
7702781057497
7702781058876
7702781058883
7702781058890
7702781058272
7702781058289
7702781058296
7702781058920
7702781058937
7702781058944
7702781058821
7702781058838
7702781058845
7702781059125
7702781059132
7702781059149
7702781059026
7702781059033
7702781059040
7702781059071
7702781059088
7702781059095
7702781057275
7702781057282
7702781057299
7702781059477
7702781059484
7702781059491
7702781057671
7702781057688
7702781057695
